Solutions
   2  13  12
Dim1;Dimension 1
Dim2;Dimension 2
Bush;Bush
Kerr;Kerr
Nade;Nade
Chen;Chen
Edwa;Edwa
LBus;LBus
HCli;HCli
BCli;BCli
Powe;Powe
Ashc;Ashc
McCa;McCa
DemP;DemP
RepP;RepP
   1  0.0404
   2  0.0345
   3  0.0054
   4  0.0339
   5  0.0373
   6  0.0050
   7  0.0051
   8  0.0033
   9  0.0423
  10  0.0335
  11  0.0453
  12  0.0386
  0.2578 -0.0061
 -0.3342 -0.0469
 -0.0830  0.3999
  0.3300 -0.0015
 -0.3044 -0.0318
  0.1434 -0.0323
 -0.2604 -0.1097
 -0.2157 -0.0846
  0.0730 -0.0157
  0.3397 -0.0632
  0.0417  0.0979
 -0.2551 -0.0424
  0.2673 -0.0637
  0.2668 -0.0125
 -0.3341 -0.0549
 -0.0385  0.4238
  0.3048  0.0006
 -0.3018 -0.0658
  0.1469 -0.0406
 -0.2589 -0.1227
 -0.2281 -0.0251
  0.0775 -0.0176
  0.3251 -0.0495
  0.0424  0.0821
 -0.2644 -0.0733
  0.2624 -0.0444
  0.2217 -0.0111
 -0.2900 -0.0583
 -0.0741  0.3965
  0.2269 -0.0174
 -0.2874 -0.0566
  0.2050 -0.0211
 -0.2825 -0.0522
 -0.2769 -0.0618
  0.1965 -0.0187
  0.2269 -0.0093
  0.1945 -0.0089
 -0.2827 -0.0618
  0.2220 -0.0193
  0.2562 -0.0164
 -0.3483 -0.0419
 -0.0524  0.4252
  0.3024  0.0078
 -0.3002 -0.0346
  0.1546 -0.0496
 -0.2562 -0.1089
 -0.2090 -0.0850
  0.0953  0.0021
  0.3235 -0.0427
  0.0320  0.0582
 -0.2670 -0.0672
  0.2690 -0.0470
  0.2599  0.0011
 -0.3324 -0.0393
 -0.0748  0.4076
  0.3136 -0.0010
 -0.2984 -0.0373
  0.1594 -0.0493
 -0.2577 -0.1121
 -0.2123 -0.0736
  0.0814 -0.0148
  0.3053 -0.0856
  0.0492  0.0827
 -0.2808 -0.0572
  0.2877 -0.0211
  0.2199 -0.0200
 -0.2912 -0.0571
 -0.0739  0.3969
  0.2244 -0.0172
 -0.2871 -0.0531
  0.2072 -0.0201
 -0.2814 -0.0670
 -0.2764 -0.0605
  0.2008 -0.0131
  0.2240 -0.0108
  0.1976 -0.0033
 -0.2825 -0.0585
  0.2186 -0.0162
  0.2189 -0.0131
 -0.2903 -0.0586
 -0.0749  0.3954
  0.2244 -0.0109
 -0.2864 -0.0530
  0.2074 -0.0171
 -0.2809 -0.0583
 -0.2759 -0.0638
  0.1992 -0.0138
  0.2229 -0.0247
  0.1973 -0.0039
 -0.2834 -0.0621
  0.2219 -0.0162
  0.2130 -0.0114
 -0.2847 -0.0581
 -0.0707  0.3935
  0.2161 -0.0110
 -0.2836 -0.0572
  0.2080 -0.0166
 -0.2813 -0.0604
 -0.2793 -0.0550
  0.2057 -0.0184
  0.2167 -0.0130
  0.2076 -0.0199
 -0.2819 -0.0580
  0.2143 -0.0146
  0.2654 -0.0100
 -0.3233 -0.0604
 -0.0540  0.4315
  0.3063  0.0115
 -0.2844 -0.0626
  0.1457 -0.0313
 -0.2671 -0.0246
 -0.2196 -0.0983
  0.0840 -0.0317
  0.3034 -0.0705
  0.0404  0.0695
 -0.2605 -0.0903
  0.2639 -0.0326
  0.2518  0.0047
 -0.3391 -0.0435
 -0.0843  0.4069
  0.3102  0.0070
 -0.3128 -0.0330
  0.1431 -0.0466
 -0.2487 -0.1418
 -0.1919 -0.0339
  0.0828 -0.0426
  0.3082 -0.1163
  0.0824  0.1168
 -0.2680 -0.0656
  0.2665 -0.0120
  0.2415 -0.0498
 -0.3241 -0.0514
 -0.0935  0.4094
  0.3084 -0.0207
 -0.3005 -0.0450
  0.1543 -0.0219
 -0.2591 -0.1263
 -0.2183 -0.0728
  0.0988  0.0040
  0.3037 -0.0911
  0.0882  0.1236
 -0.2687 -0.0432
  0.2693 -0.0149
  0.2540  0.0128
 -0.3353 -0.0441
 -0.0751  0.4226
  0.3041  0.0040
 -0.3123 -0.0385
  0.1565 -0.0473
 -0.2488 -0.1265
 -0.2144 -0.0650
  0.1085 -0.0037
  0.3155 -0.0842
  0.0573  0.0734
 -0.2683 -0.0550
  0.2583 -0.0486
