Lower Triangular
13
gwbu;gwbush
kerr;kerry
nade;nader
chen;cheney
edwa;edwards
lbus;lbush
hcli;hclinton
bcli;bclinton
powe;powell
ashc;ashcroft
mcca;mccain
demp;dempty
repp;reppty
 -0.6696
  0.0786   0.0836
  0.8048  -0.6091   0.0646
 -0.5573   0.7653   0.1164  -0.5600
  0.7233  -0.5046   0.0579   0.6278  -0.4058
 -0.5683   0.6929   0.0195  -0.4887   0.6572  -0.4382
 -0.5936   0.6830   0.0017  -0.5164   0.6395  -0.4630   0.7766
  0.5547  -0.3563   0.0670   0.5516  -0.2998   0.5700  -0.3060  -0.3285
  0.6828  -0.4567   0.0649   0.7239  -0.4265   0.5425  -0.3786  -0.4061   0.5004
  0.2404  -0.0785   0.1174   0.1737  -0.0215   0.2751  -0.1018  -0.0640   0.3749   0.1350
 -0.5275   0.7508   0.0390  -0.4559   0.6778  -0.3958   0.6808   0.6604  -0.2575  -0.3305  -0.0590
  0.8160  -0.5923   0.0378   0.7399  -0.5053   0.6513  -0.5005  -0.5225   0.5276   0.6309   0.2065  -0.5102
