Solutions
   2  13  12
Dim1;Dimension 1
Dim2;Dimension 2
Bush;Bush
Kerr;Kerr
Nade;Nade
Chen;Chen
Edwa;Edwa
LBus;LBus
HCli;HCli
BCli;BCli
Powe;Powe
Ashc;Ashc
McCa;McCa
DemP;DemP
RepP;RepP
   1  0.0409
   2  0.0443
   3  0.0412
   4  0.0385
   5  0.0441
   6  0.0416
   7  0.0404
   8  0.0393
   9  0.0047
  10  0.0038
  11  0.0049
  12  0.0361
  0.2672  0.0010
 -0.3362 -0.0540
 -0.0539  0.4094
  0.3007  0.0224
 -0.3017 -0.0205
  0.1619 -0.0552
 -0.2614 -0.1183
 -0.2471 -0.0758
  0.0873 -0.0277
  0.3157 -0.0398
  0.0521  0.0453
 -0.2589 -0.0411
  0.2742 -0.0455
  0.2489  0.0185
 -0.3479 -0.0432
 -0.0418  0.4217
  0.3139 -0.0518
 -0.3121 -0.0254
  0.1527 -0.0655
 -0.2684 -0.1371
 -0.2118 -0.0898
  0.0818 -0.0198
  0.3136  0.0167
  0.0564  0.0796
 -0.2467 -0.0542
  0.2615 -0.0495
  0.2425  0.0037
 -0.3391 -0.0624
 -0.0837  0.4202
  0.3047  0.0065
 -0.3048 -0.0227
  0.1665 -0.0422
 -0.2479 -0.1182
 -0.2158 -0.0330
  0.1024 -0.0403
  0.3036 -0.0920
  0.0759  0.0837
 -0.2739 -0.0719
  0.2698 -0.0316
  0.2674 -0.0152
 -0.3415 -0.0553
 -0.0485  0.4115
  0.2954 -0.0308
 -0.2957 -0.0224
  0.1647 -0.0076
 -0.2650 -0.1134
 -0.2177 -0.1003
  0.0934  0.0074
  0.3004 -0.0779
  0.0379  0.0636
 -0.2655 -0.0668
  0.2747  0.0072
  0.2568  0.0196
 -0.3226 -0.0679
 -0.0833  0.3921
  0.3238 -0.0082
 -0.3005 -0.0701
  0.1640 -0.0512
 -0.2612 -0.0106
 -0.2179 -0.0935
  0.0831 -0.0190
  0.2997 -0.0977
  0.0490  0.0854
 -0.2660 -0.0545
  0.2753 -0.0244
  0.2510  0.0004
 -0.3285 -0.0768
 -0.0524  0.4205
  0.3126 -0.0064
 -0.3076 -0.0365
  0.1525 -0.0520
 -0.2600 -0.1042
 -0.2258 -0.0722
  0.0954 -0.0002
  0.3100 -0.0641
  0.0568  0.0818
 -0.2713 -0.0548
  0.2672 -0.0353
  0.2452 -0.0001
 -0.3300 -0.0548
 -0.0908  0.4041
  0.3235  0.0018
 -0.3069 -0.0190
  0.1432 -0.0208
 -0.2589 -0.1352
 -0.2009 -0.0534
  0.0877 -0.0378
  0.3238 -0.0889
  0.0709  0.0994
 -0.2775 -0.0491
  0.2707 -0.0463
  0.2721  0.0023
 -0.3192 -0.0204
 -0.0524  0.4184
  0.3194 -0.0223
 -0.2931 -0.0133
  0.1568 -0.0818
 -0.2673 -0.1283
 -0.2304 -0.0802
  0.0742 -0.0526
  0.3104  0.0488
  0.0277  0.0432
 -0.2652 -0.0570
  0.2670 -0.0568
  0.2165 -0.0126
 -0.2908 -0.0566
 -0.0747  0.3953
  0.2225 -0.0204
 -0.2880 -0.0589
  0.2073 -0.0180
 -0.2813 -0.0651
 -0.2753 -0.0603
  0.2024 -0.0103
  0.2231 -0.0147
  0.2030 -0.0012
 -0.2815 -0.0573
  0.2169 -0.0200
  0.2170 -0.0155
 -0.2846 -0.0587
 -0.0722  0.3935
  0.2185 -0.0185
 -0.2829 -0.0571
  0.2089 -0.0101
 -0.2815 -0.0639
 -0.2812 -0.0608
  0.2036 -0.0095
  0.2173 -0.0221
  0.2026 -0.0038
 -0.2826 -0.0596
  0.2172 -0.0138
  0.2182 -0.0111
 -0.2895 -0.0583
 -0.0713  0.3945
  0.2239 -0.0127
 -0.2854 -0.0634
  0.2090 -0.0185
 -0.2822 -0.0527
 -0.2791 -0.0577
  0.1999 -0.0154
  0.2245 -0.0179
  0.1945 -0.0081
 -0.2826 -0.0602
  0.2203 -0.0184
  0.2589  0.0133
 -0.3320 -0.0491
 -0.0688  0.4293
  0.3020 -0.0085
 -0.3128 -0.0485
  0.1593 -0.0277
 -0.2498 -0.1271
 -0.2217 -0.0485
  0.0999 -0.0303
  0.3087 -0.0843
  0.0541  0.0795
 -0.2607 -0.0584
  0.2629 -0.0397
