Solutions
   2  13  12
Dim1;Dimension 1
Dim2;Dimension 2
Bush;Bush
Kerr;Kerr
Nade;Nade
Chen;Chen
Edwa;Edwa
LBus;LBus
HCli;HCli
BCli;BCli
Powe;Powe
Ashc;Ashc
McCa;McCa
DemP;DemP
RepP;RepP
   1  0.0399
   2  0.0353
   3  0.0451
   4  0.0399
   5  0.0412
   6  0.0043
   7  0.0384
   8  0.0403
   9  0.0374
  10  0.0036
  11  0.0399
  12  0.0388
  0.2476  0.0226
 -0.3305 -0.0608
 -0.0389  0.4285
  0.3084 -0.0057
 -0.3042 -0.0664
  0.1405 -0.0678
 -0.2532 -0.1185
 -0.2125 -0.0566
  0.0834 -0.0184
  0.3139 -0.0688
  0.0554  0.0801
 -0.2820 -0.0456
  0.2721 -0.0226
  0.2423  0.0101
 -0.3393 -0.0596
 -0.0656  0.4172
  0.3151 -0.0710
 -0.3224 -0.0405
  0.1503 -0.0544
 -0.2510 -0.1398
 -0.2041 -0.0666
  0.0745 -0.0057
  0.3267 -0.0029
  0.0711  0.1001
 -0.2625 -0.0340
  0.2648 -0.0529
  0.2579  0.0050
 -0.3367 -0.0478
 -0.0727  0.3957
  0.3175 -0.0755
 -0.2860 -0.0282
  0.1126 -0.0579
 -0.2620 -0.1201
 -0.2269 -0.0817
  0.0827 -0.0030
  0.3396  0.0009
  0.0274  0.0908
 -0.2556 -0.0389
  0.3021 -0.0393
  0.2352 -0.0376
 -0.3228 -0.0614
 -0.0771  0.4301
  0.3010 -0.0215
 -0.3069 -0.0620
  0.1487 -0.0142
 -0.2483 -0.1280
 -0.2091 -0.0314
  0.0928  0.0051
  0.3031 -0.0916
  0.0804  0.1269
 -0.2687 -0.0736
  0.2717 -0.0408
  0.2516 -0.0074
 -0.3367 -0.0575
 -0.1120  0.3947
  0.3247 -0.0129
 -0.2994 -0.0295
  0.1550 -0.0451
 -0.2496 -0.1165
 -0.2020 -0.0487
  0.0969  0.0041
  0.3004 -0.1047
  0.0850  0.1166
 -0.2820 -0.0526
  0.2683 -0.0406
  0.2173 -0.0117
 -0.2880 -0.0570
 -0.0733  0.3936
  0.2225 -0.0111
 -0.2853 -0.0580
  0.2094 -0.0163
 -0.2828 -0.0542
 -0.2789 -0.0576
  0.2025 -0.0194
  0.2226 -0.0163
  0.1974 -0.0134
 -0.2814 -0.0614
  0.2179 -0.0172
  0.2652 -0.0039
 -0.3381 -0.0397
 -0.0697  0.4183
  0.3163 -0.0068
 -0.3123 -0.0509
  0.1522 -0.0387
 -0.2465 -0.1148
 -0.2099 -0.0697
  0.0905 -0.0013
  0.3018 -0.0941
  0.0243  0.0900
 -0.2524 -0.0580
  0.2786 -0.0304
  0.2599 -0.0120
 -0.3229 -0.0492
 -0.0686  0.4304
  0.3146 -0.0306
 -0.3008 -0.0422
  0.1679 -0.0671
 -0.2671 -0.1058
 -0.2153 -0.0808
  0.0750 -0.0264
  0.3109  0.0257
  0.0412  0.0564
 -0.2679 -0.0312
  0.2731 -0.0671
  0.2578 -0.0227
 -0.3454 -0.0499
 -0.0590  0.4180
  0.3069 -0.0011
 -0.3029 -0.0389
  0.1564 -0.0399
 -0.2603 -0.1377
 -0.2177 -0.0711
  0.0900 -0.0065
  0.2985 -0.0773
  0.0671  0.0948
 -0.2600 -0.0505
  0.2686 -0.0173
  0.2140 -0.0131
 -0.2869 -0.0580
 -0.0706  0.3944
  0.2178 -0.0175
 -0.2845 -0.0572
  0.2079 -0.0100
 -0.2806 -0.0572
 -0.2777 -0.0610
  0.2043 -0.0145
  0.2181 -0.0116
  0.2054 -0.0174
 -0.2817 -0.0605
  0.2144 -0.0163
  0.2498 -0.0008
 -0.3285 -0.0771
 -0.0626  0.4282
  0.3104 -0.0130
 -0.2873 -0.0919
  0.1564 -0.0414
 -0.2640 -0.0115
 -0.2013 -0.0863
  0.0827 -0.0055
  0.3085 -0.0698
  0.0442  0.0778
 -0.2708 -0.0665
  0.2624 -0.0421
  0.2563 -0.0145
 -0.3262 -0.0186
 -0.0800  0.4039
  0.3119  0.0116
 -0.3119 -0.0651
  0.1701 -0.0475
 -0.2655 -0.0989
 -0.2188 -0.0839
  0.0868 -0.0179
  0.3109 -0.0741
  0.0585  0.0682
 -0.2710 -0.0398
  0.2788 -0.0233
