Lower Triangular
22
BLM;Black Lives Matter
Fund;Christian fundamentalists
Harp;Harris (post)
Fauc;Fauci
NRA ;National Riffle Association
Plan;Planned Parenthood
Penp;Pence (post)
SCUS;Supreme Court
Busi;Big business
Capi;Capitalists
Cong;Congress
Cons;Conservatives
Unio;Labor Unions
Libs;Liberals
Socs;Socialists
Dems;Democratic Party
Trum;Trump
Bide;Biden
Harr;Harris (pre)
Penc;Pence (pre)
Reps;Republicans
Obam;Obama
 -0.2741
  0.7501  -0.3223
  0.5197  -0.2797   0.6092
 -0.5560   0.5386  -0.6155  -0.5167
  0.6240  -0.4010   0.6188   0.4736  -0.4406
 -0.6803   0.5060  -0.7478  -0.4975   0.7051  -0.6046
 -0.2053   0.3723  -0.2129  -0.0151   0.3588  -0.2337   0.4204
 -0.0589   0.3611  -0.0828  -0.0022   0.2743  -0.1147   0.2886   0.4205
 -0.2913   0.3307  -0.2821  -0.1368   0.3444  -0.3075   0.3758   0.3882   0.4314
  0.2591   0.1569   0.2446   0.2075   0.0019   0.1817  -0.0290   0.3023   0.3150   0.0468
 -0.4654   0.5918  -0.5109  -0.3574   0.6376  -0.5008   0.6686   0.4775   0.3818   0.4622   0.0816
  0.4230  -0.1042   0.3806   0.3274  -0.2039   0.4235  -0.3221  -0.0387  -0.0168  -0.1942   0.2655  -0.2276
  0.6746  -0.2923   0.6967   0.5461  -0.5464   0.5903  -0.6149  -0.1551  -0.0677  -0.2229   0.2581  -0.4703   0.3987
  0.6585  -0.2771   0.6230   0.4518  -0.4526   0.6003  -0.5663  -0.2503  -0.1489  -0.3143   0.2414  -0.4681   0.4625   0.6352
  0.6764  -0.2591   0.7975   0.5261  -0.5401   0.5633  -0.6845  -0.2008  -0.0673  -0.2517   0.2586  -0.4602   0.3595   0.6515   0.6352
 -0.7059   0.4350  -0.7900  -0.5594   0.6934  -0.5810   0.8423   0.3275   0.2256   0.3162  -0.0834   0.5968  -0.3238  -0.6331  -0.5802  -0.7372
  0.6626  -0.2960   0.8136   0.5970  -0.6006   0.5357  -0.7016  -0.1741  -0.0564  -0.2256   0.2069  -0.4703   0.3271   0.6396   0.5255   0.8337  -0.7761
  0.6816  -0.3290   0.8383   0.6017  -0.6037   0.5658  -0.6995  -0.1964  -0.0748  -0.2480   0.2167  -0.4951   0.3543   9.6449   0.5667   0.8114  -0.7535   0.8587
 -0.6398   0.4801  -0.7145  -0.5168   0.6853  -0.5927   0.8527   0.3798   0.2572   0.3401  -0.0478   0.6424  -0.3292  -0.5965  -0.5665  -0.6661   0.8445  -0.8760  -0.6802
 -0.5943   0.4510  -0.6756  -0.4768   0.6732  -0.5107   0.7781   0.3820   0.2825   0.3216   0.0305   0.6170  -0.2796  -0.5615  -0.5061  -0.6411   0.8348  -0.6561  -0.6551   0.7990
  0.7219  -0.3354   0.8064   0.5634  -0.5978   0.5923  -0.7219  -0.2236  -0.0813  -0.2608   0.1997  -0.4985   0.3504   0.6509   0.5752   0.8150  -0.7905   0.8349   0.8198  -0.7044  -0.6633
