Lower Triangular
22
BLM;Black Lives Matter
Fund;Christian fundamentalists
Harp;Harris (post)
Fauc;Fauci
NRA ;National Riffle Association
Plan;Planned Parenthood
Penp;Pence (post)
SCUS;Supreme Court
Busi;Big business
Capi;Capitalists
Cong;Congress
Cons;Conservatives
Unio;Labor Unions
Libs;Liberals
Socs;Socialists
Dems;Democratic Party
Trum;Trump
Bide;Biden
Harr;Harris (pre)
Penc;Pence (pre)
Reps;Republicans
Obam;Obama
-0.27411	
 0.75006 -0.32234
 0.51968 -0.27969  0.60924	
-0.55595  0.53862 -0.61548 -0.51672
 0.62398 -0.40102  0.61877  0.47357 -0.44062
-0.68026  0.50595 -0.74777 -0.49755  0.70508 -0.60455
-0.20529  0.37232 -0.21294 -0.01508  0.35875 -0.23368  0.42039
-0.05886  0.36106 -0.08275 -0.00222  0.27435 -0.11466  0.28862  0.42048
-0.29131  0.33067 -0.28212 -0.13685  0.34438 -0.30750  0.37577  0.38823  0.43144
 0.25905  0.15693  0.24457  0.20748  0.00195  0.18167 -0.02904  0.30233  0.31496  0.04678            
-0.46537  0.59183 -0.51089 -0.35745  0.63763 -0.50083  0.66861  0.47755  0.38178  0.46222  0.08156
 0.42296 -0.10415  0.38056  0.32742 -0.20392  0.42346 -0.32209 -0.03875 -0.01676 -0.19418  0.26551 -0.22756
 0.67464 -0.29233  0.69674  0.54607 -0.54639  0.59025 -0.61490 -0.15514 -0.06774 -0.22286  0.25805 -0.47028  0.39865
 0.65846 -0.27709  0.62296  0.45179 -0.45265  0.60026 -0.56633 -0.25032 -0.14893 -0.31434  0.24135 -0.46814  0.46247  0.63518
 0.67645 -0.25911  0.79749  0.52611 -0.54014  0.56331 -0.68446 -0.20077 -0.06725 -0.25168  0.25862 -0.46023  0.35953  0.65146  0.63518
-0.70591  0.43504 -0.78996 -0.55943  0.69337 -0.58100  0.84231  0.32750  0.22557  0.31616 -0.08339  0.59681 -0.32378 -0.63313 -0.58019 -0.73718
 0.66259 -0.29596  0.81361  0.59697 -0.60063  0.53568 -0.70158 -0.17415 -0.05643 -0.22557  0.20692 -0.47025  0.32709  0.63962  0.52548  0.83374 -0.77613 
 0.68164 -0.32897  0.83825  0.60166 -0.60370  0.56579 -0.69947 -0.19637 -0.07482 -0.24802  0.21672 -0.49506  0.35432  9.64487  0.56671  0.81144 -0.75348  0.85874
-0.63977  0.48013 -0.71449 -0.51684  0.68532 -0.59269  0.85267  0.37976  0.25725  0.34005 -0.04776  0.64244 -0.32924 -0.59648 -0.56649 -0.66613  0.84454 -0.87600 -0.68018
-0.59429  0.45098 -0.67557 -0.47679  0.67317 -0.51070  0.77807  0.38203  0.28251  0.32159  0.03045  0.61699 -0.27958 -0.56154 -0.50609 -0.64114  0.83480 -0.65611 -0.65511  0.79895
 0.72192 -0.33536  0.80636  0.56343 -0.59780  0.59234 -0.72189 -0.22361 -0.08130 -0.26076  0.19966 -0.49852  0.35044  0.65091  0.57518  0.81504 -0.79048  0.83489  0.81982 -0.70443 -0.66330
  





