Lower Triangular
15
BLM;Black Lives Matter
Fund;Christian fundamentalists
Harp;Harris (post)
Penp;Pence (post)
SCUS;Supreme Court
Cong;Congress
Cons;Conservatives
Libs;Liberals
Dems;Democratic Party
Trum;Trump
Bide;Biden
Harr;Harris (pre)
Penc;Pence (pre)
Reps;Republicans
Obam;Obama
-0.27411 
 0.75006 -0.32234
-0.68026  0.50595 -0.74777
-0.20529  0.37232 -0.21294  0.42039
 0.25905  0.15693  0.24457 -0.02904  0.30323
-0.46537  0.59183 -0.51089  0.66861  0.47755  0.08156
 0.67464 -0.29233  0.69674 -0.61490 -0.15514  0.25805 -0.47028
 0.67646 -0.25911  0.79749 -0.68446 -0.20077  0.25662 -0.46023  0.65146
-0.70591  0.43504 -0.78996  0.84231  0.32570 -0.08339  0.59681 -0.63313 -0.73718
 0.66259 -0.29596  0.81361 -0.70158 -0.17415  0.20692 -0.47025  0.63962  0.83374 -0.77613
 0.68164 -0.32897  0.83825 -0.69947 -0.19637  0.21672 -0.49506  0.64487  0.81144 -0.75348  0.85847
-0.63977  0.48013 -0.71449  0.85267  0.37976 -0.04776  0.64244 -0.59648 -0.66613  0.84454 -0.67600 -0.68018
-0.59429  0.45098 -0.67557  0.77807  0.36203  0.03045  0.61699 -0.56154 -0.64114  0.83480 -0.65611 -0.65511  0.79695
 0.72192 -0.33536  0.80636 -0.72189 -0.22361  0.19966 -0.49852  0.65091  0.81504 -0.79048  0.83489  0.81982 -0.70443 -0.66330   